FROM_ID,TO_ID
30746,31533
30746,796081
30774,31533
30774,31312
30774,31311
30779,31212
30795,31342
30795,428781
30795,702557
30795,31212
30795,31384
30795,1369785
30795,1629953
30795,2216325
30796,780102
30796,31140
30796,31439
30796,31115
30796,1129523
30796,783030
30796,773828
30796,30920
30796,31342
30796,164383
30796,31105
30796,1574142
30796,793395
30796,686175
30796,843991
30796,31311
30796,701183
30796,882509
30796,701519
30796,2285735
30796,1035287
30796,1638796
30796,2353652
30796,30798
30815,30814
30815,31115
30815,428702
30815,31296
30815,1649939
30815,1595835
30815,2184541
30815,2298999
30827,1116745
30827,653520
30832,31342
30832,428702
30832,428784
30832,31017
30832,922107
30832,31384
30832,1369785
30832,702557
30832,1086251
30832,31212
30832,1629953
30832,31393
30832,2299779
30838,31465
30838,31212
30838,31342
30838,922107
30838,31384
30838,30795
30838,1629953
30838,1369782
30838,1369784
30838,1369785
30848,31474
30848,428702
30848,656987
30848,30853
30848,714893
30894,31342
30894,31311
30894,428781
30894,822086
30894,31384
30894,1629953
30894,2292590
30894,2216325
30897,31505
30897,30896
30897,31140
30897,31229
30897,31115
30897,164383
30897,31164
30897,1817946
30897,31533
30897,1054359
30897,2315146
30897,31094
30897,2574849
30906,428702
30920,31311
30920,31342
30920,31115
30920,432486
30920,31105
30920,31384
30920,1629953
30923,1846519
30923,1424159
30923,31311
30923,653520
30923,31105
30923,686175
30923,2449131
30942,30946
30942,30945
30942,30943
30942,30947
30942,30944
30942,31012
30945,30948
30972,31163
30972,31115
30972,428702
30972,31129
30972,31296
30972,1649939
30972,1595835
30972,2184541
30972,2488714
30972,3408597
30972,3394160
31000,30746
31000,31533
31000,653520
31000,1116745
31012,31140
31012,759818
31014,31117
31014,31505
31014,31465
31014,31342
31014,30920
31014,30798
31014,31115
31014,653520
31014,1817946
31014,31229
31014,31384
31014,1629953
31014,31140
31014,1259119
31015,31018
31015,31096
31015,31115
31015,31016
31015,31021
31017,31019
31017,31018
31017,31021
31017,30832
31017,30854
31017,31096
31017,30844
31017,31115
31017,31016
31017,31219
31017,31005
31017,31063
31017,31187
31017,428702
31017,31105
31017,820086
31017,752427
31017,752747
31018,31096
31018,31016
31018,31360
31018,31140
31018,31543
31021,30854
31021,31018
31021,31016
31021,31096
31021,30844
31021,712756
31021,712758
31021,712759
31021,31533
31021,31002
31021,31094
31021,31508
31021,712584
31021,31115
31021,732972
31021,31220
31021,31105
31021,755439
31021,429980
31021,771096
31021,829829
31021,434326
31021,434292
31021,434293
31021,125604
31021,31391
31021,772762
31021,1294124
31021,781811
31021,788987
31021,932745
31022,653520
31036,791167
31036,164383
31036,31311
31036,31342
31036,31212
31036,31140
31036,31105
31036,972978
31036,922107
31036,31384
31036,702557
31036,793396
31036,31085
31036,1412673
31036,1629953
31036,764938
31036,2398138
31036,31312
31036,759794
31036,993776
31055,396253
31055,752747
31055,1680929
31055,31296
31055,428702
31055,1827391
31055,31384
31055,922107
31055,1553966
31055,2601023
31056,31227
31056,30871
31056,31505
31056,31161
31056,31501
31056,31483
31056,31465
31056,31179
31056,30897
31056,31140
31056,31342
31056,31496
31056,164383
31056,715337
31056,652299
31056,744285
31056,31101
31056,941391
31056,1109263
31056,396253
31056,1595835
31056,1596966
31056,2328947
31056,2103631
31056,1035285
31056,1649939
31056,2184541
31056,2139572
31056,2139583
31056,31055
31056,2139558
31056,2184170
31056,837049
31056,2692083
31056,2602510
31056,2602509
31056,2338129
31056,2113683
31056,2449024
31056,2178831
31056,1563316
31056,2602513
31056,2602508
31056,1629953
31056,31384
31056,1553966
31056,922107
31056,2607101
31056,778970
31056,1103308
31056,1438796
31063,1369781
31063,428781
31063,1194063
31063,1369785
31063,1369783
31063,31022
31063,808264
31063,753323
31063,805036
31063,1369784
31063,940077
31063,31296
31063,742119
31063,1708758
31063,31212
31063,3000740
31081,31264
31081,31140
31081,31167
31081,31488
31081,31056
31081,31505
31081,30953
31081,31465
31081,31105
31081,30863
31081,715337
31081,31161
31081,2110102
31081,878131
31085,31296
31085,31295
31085,846144
31085,978659
31085,428702
31094,31533
31094,796081
31105,164385
31105,783031
31105,2116269
31115,3414109
31140,31311
31140,31115
31140,31140
31140,882509
31140,1559116
31140,31384
31161,31140
31161,922107
31161,31384
31161,923725
31161,925980
31161,31496
31161,2516791
31164,31202
31164,164383
31164,396253
31164,31140
31164,31465
31164,653520
31164,829860
31164,31115
31164,30844
31164,31533
31164,1062457
31164,837049
31164,31094
31164,1266109
31164,2184170
31164,2354817
31164,2354816
31164,2448528
31164,2448547
31167,31419
31187,994362
31187,428702
31187,31296
31187,31212
31187,993050
31187,30751
31187,31342
31187,922107
31187,1369785
31187,31384
31187,1652760
31187,1086251
31187,1369781
31187,1629953
31187,1300938
31187,894107
31187,2299779
31202,31000
31202,653520
31202,432620
31202,31115
31202,759794
31202,30798
31202,396253
31202,882509
31202,31105
31202,428702
31202,2277487
31202,30827
31202,652526
31202,31382
31202,941391
31207,31311
31207,31312
31207,31105
31207,822086
31207,2084668
31208,31465
31208,31065
31208,30798
31208,30992
31208,31140
31208,31115
31208,791309
31208,30991
31208,779179
31208,759794
31208,653520
31208,31533
31208,31094
31208,31164
31208,993776
31208,2574849
31212,31342
31212,428702
31212,1369784
31212,1369783
31212,1369780
31212,1369782
31212,1369781
31212,1369785
31220,31221
31220,31147
31220,31115
31220,790870
31225,31533
31225,796081
31227,31229
31227,31124
31227,1111012
31227,31105
31227,30798
31227,2126794
31227,1058368
31227,31115
31227,653520
31227,882509
31227,31342
31227,714487
31227,837049
31227,31533
31227,125910
31227,1089414
31227,31000
31229,31263
31229,31124
31229,31000
31229,31115
31229,31002
31229,31508
31229,2252655
31229,30827
31229,2448633
31229,2027558
31231,31419
31231,31212
31231,31384
31231,31342
31231,812548
31231,1369785
31231,1559116
31239,1638796
31240,428702
31240,746188
31240,31296
31240,812331
31240,1680929
31240,31085
31240,1717302
31240,31384
31240,1629953
31245,31246
31245,31248
31245,117920
31245,741251
31246,31248
31246,31465
31248,31545
31248,31496
31248,1715402
31257,31255
31257,31465
31257,31292
31257,30844
31257,31259
31257,757150
31257,31258
31258,30798
31258,31342
31258,31212
31258,757150
31258,922107
31258,1629953
31258,31384
31259,31258
31259,31257
31259,31255
31259,31292
31259,31115
31259,31389
31263,31105
31276,31505
31276,31465
31276,31227
31276,31246
31276,31245
31276,31513
31276,654367
31276,653406
31276,31140
31276,779926
31276,31342
31276,428781
31276,30838
31276,31384
31276,837049
31276,922107
31276,1058368
31276,1103308
31276,812679
31276,1193215
31276,783030
31276,1438796
31276,1441200
31276,1691978
31276,1835464
31276,1054359
31276,2095829
31276,31004
31276,396253
31276,2315146
31276,117920
31276,741251
31276,31340
31283,30779
31283,31386
31283,31413
31283,844378
31283,428702
31283,31212
31286,396253
31286,31384
31286,1629953
31295,31296
31296,30848
31296,31140
31296,428702
31296,31212
31296,164383
31296,2448837
31297,31140
31297,31465
31297,741251
31297,1251595
31297,2234008
31303,31212
31303,31115
31308,31387
31308,31505
31308,31342
31308,653406
31308,428702
31308,837049
31308,31296
31308,2184541
31308,396253
31308,1612844
31308,2183040
31308,2602513
31308,1649937
31308,2298999
31308,1595835
31308,1563316
31308,2602510
31308,898119
31311,31312
31311,428702
31311,806547
31311,822086
31311,822233
31311,31105
31311,1048283
31311,31296
31311,1277328
31311,1349946
31311,31393
31312,31311
31312,428702
31312,806547
31312,31105
31325,31081
31325,31326
31325,31505
31334,31465
31334,656089
31334,30798
31334,31115
31334,653520
31334,922107
31334,31311
31334,731729
31334,31105
31334,30838
31334,30894
31334,428781
31334,783030
31340,31465
31340,31342
31340,428702
31340,31000
31340,31115
31342,428702
31371,31374
31371,30798
31371,31115
31371,428702
31371,31212
31371,31105
31371,30899
31374,31263
31374,31115
31374,31212
31374,882509
31374,30796
31374,914037
31374,30972
31374,1744983
31374,31448
31374,1220964
31380,30890
31380,773063
31380,30798
31380,912745
31380,925980
31380,923725
31380,31149
31380,752427
31380,752747
31380,428702
31380,773036
31380,31245
31380,654367
31380,2189818
31380,31140
31380,2596156
31380,2343100
31380,3172114
31380,1446446
31382,805929
31382,653520
31382,31207
31382,1468144
31382,922107
31382,1629953
31382,31384
31384,702557
31384,31342
31384,31212
31384,783030
31384,1629953
31387,428781
31387,31227
31387,428702
31387,31384
31387,922107
31393,31397
31393,31136
31393,882509
31393,31384
31393,702557
31393,1629953
31394,433325
31394,31499
31437,164383
31437,31465
31437,31140
31438,31439
31438,1563940
31439,31440
31439,31457
31439,31140
31439,30798
31439,31115
31439,770837
31439,31342
31439,1563940
31439,1563941
31439,770916
31439,30959
31439,31384
31439,1629953
31439,922107
31445,30920
31445,31342
31445,31115
31445,759818
31445,30774
31445,31105
31445,31311
31448,428702
31448,653520
31448,31115
31448,779179
31448,31533
31448,886015
31448,1803959
31457,31140
31457,31094
31457,31533
31457,428781
31465,31000
31465,31140
31465,31342
31465,31115
31465,30746
31465,31533
31465,31094
31465,1803959
31470,31342
31470,31384
31470,1629953
31470,922107
31488,31243
31488,31501
31496,941391
31496,925980
31496,923725
31496,2116269
31501,744285
31505,30942
31505,31342
31505,31149
31505,31384
31505,925980
31505,923725
31505,31513
31505,1173960
31505,821972
31505,760044
31505,1297361
31505,922107
31505,2328947
31505,1612844
31508,31533
31508,796081
31513,31342
31513,428702
31513,31384
31513,31387
31513,843045
31513,1559116
31513,1535831
31513,882509
31513,428781
31513,30795
31513,922107
31518,769353
31518,31212
31530,30798
31530,31342
31530,31505
31530,31227
31530,31056
31530,31496
31530,428702
31530,428781
31530,837049
31530,31387
31530,1109263
31530,922107
31530,396253
31530,1595835
31530,1835464
31530,1649939
31530,2184541
31530,2077176
31530,1596966
31530,1563316
31530,31388
31533,31115
31533,31508
31533,31534
31533,30746
31533,125855
31533,31002
31533,31094
31533,31225
31533,125756
31533,31391
31533,125565
31533,125604
31533,125691
31533,125663
31533,125770
31533,125570
31533,125554
31533,125890
31533,125805
31533,125854
31533,125864
31533,125924
31533,125597
31533,125894
31533,125910
31533,125642
31533,125561
31533,125748
31533,125605
31533,125546
31533,125811
31533,125603
31533,125529
31533,125547
31533,125553
31533,125725
31533,125893
31533,125564
31533,125878
31533,125606
31533,967085
31533,125639
31533,125566
31533,125814
31533,125791
31533,125743
31533,125853
31533,125764
31533,125898
31533,1911286
31533,1911287
31543,30798
31548,31465
31548,30972
31548,30815
31548,31140
31548,702692
31548,899706
31548,993776
31548,1744980
31548,428702
31548,3394160
31548,1612844
117917,31081
117917,2084532
117917,2386767
117917,117918
117917,2526524
117917,2510291
117918,117917
117918,2102934
117918,2366357
117918,2386767
117918,31149
117920,31248
117920,31465
117920,31245
117920,654368
117920,428702
117920,783031
117920,31496
125554,31533
125554,796081
125565,31533
125565,796081
125605,31533
125605,796081
125606,31533
125624,31533
125635,31533
125642,31533
125689,31533
125725,31533
125725,796081
125731,31533
125743,31533
125792,31140
125796,31533
125805,31533
125805,796081
125870,31533
125878,31533
125890,31533
125894,31533
125905,31533
164382,428781
164383,31311
164383,31140
164383,30838
164383,1879966
164383,1494680
164383,884957
247309,31140
247309,31465
247309,31470
247309,30838
247309,1140492
247309,31488
247309,1214528
247309,922107
247309,31384
247309,31533
247309,1251595
247309,945617
247309,31094
247309,31115
247309,1494680
247309,653520
247309,752747
247309,30972
247309,1715395
247309,1629953
247309,2158155
247309,1259119
396253,31075
396253,428702
396253,428781
396253,1649939
396253,2184170
396253,31384
396253,978659
396253,1559116
428072,31005
428072,428074
428072,117912
428072,30832
428072,428075
428072,31140
428072,31465
428072,428073
428072,31205
428072,698357
428072,1160681
428072,1722989
428072,428702
428072,2299779
428072,30798
428072,31212
428140,31115
428702,31140
428702,31115
428702,428784
428702,30746
428702,31533
428702,2354817
428702,2448528
428702,428702
428702,30795
428702,2181387
428702,1629953
428702,31384
428702,2448837
428702,2576150
428702,2676224
428702,3187174
428702,941391
428702,3286418
428702,3286426
428702,3332574
428702,3370220
428702,3334452
428702,2262792
428702,3332579
428781,31296
428781,428702
428781,657596
428784,428702
429980,31115
429980,31263
429980,753322
429980,2027558
433724,428140
433724,31094
433724,31533
433724,31115
433724,2381443
434292,31115
434292,1051314
434292,31513
434292,30838
434754,741819
434754,31465
434754,993776
434754,769208
434754,1381898
569421,653520
569421,31115
569421,31263
569421,2027558
569421,2341146
605776,31000
605776,31115
652299,605776
653406,31115
653406,653364
653406,653520
653406,741251
653406,882509
653520,428702
653520,2204187
654367,31245
654367,31248
654367,654368
656072,31465
656072,31140
656072,30838
656987,715337
684292,31140
684292,31056
684292,31164
684292,164383
684292,1649939
684292,2602509
684292,1595835
684292,2184541
684331,31012
684331,684292
684331,31085
684331,31161
684331,31505
684331,31056
684331,30838
684331,31140
684331,31342
684331,684600
684331,31465
684331,31384
684331,702557
684331,793396
684331,31438
684331,922107
684331,31227
684331,1109263
684331,1629953
684331,1722996
684331,1627061
684331,2110102
686175,30774
686175,432486
686175,31115
686175,783030
686175,814794
686175,30798
686175,778548
686175,31311
686175,1560394
686175,759818
686175,759917
686175,31094
686175,31533
686175,31105
686175,884957
686175,2038686
686175,2448549
686175,1454270
701183,701184
701183,31439
701183,783030
701183,1563940
701183,701519
701184,697292
701184,701183
701184,701519
701184,793395
701184,783030
701519,783031
701519,31439
701519,783030
702557,701184
702557,701519
702557,701183
702557,31342
702557,31212
702557,31384
702557,793396
702557,922107
702557,783031
702557,783030
702557,752747
702557,1559116
702557,899822
714613,31105
714613,2303595
714613,2375286
715337,31000
715337,31115
715337,31094
715337,31533
731728,31384
731728,922107
731728,783030
731728,1559116
731728,923725
732674,31533
732674,31094
732674,31115
732674,2358641
737224,31342
737224,31115
737224,737193
737224,31384
737224,922107
737224,942060
739751,428140
739751,31115
739751,31465
739751,805740
739751,2349265
739751,2349266
739751,2349264
741819,30878
741819,31105
749122,31115
752427,923725
752427,31384
752427,30795
752427,812548
753323,31212
753323,1369785
758072,731729
758072,31357
758072,31465
758072,753453
758072,31342
758072,711314
758072,428071
758072,737224
758072,428702
758072,755332
758072,755294
758072,31334
758072,30920
758072,31115
758072,1111014
758072,775615
758072,1111016
758072,31140
758072,1081906
758072,31085
758072,783030
758072,1109266
758072,31457
758072,31056
758072,1547445
758072,1240661
758072,1600437
758072,812679
758072,972978
758072,1727979
758072,1103315
758072,1058368
758072,31384
758072,1629953
758072,2212408
758072,1369780
758072,164383
758072,796079
758072,880955
758072,1165298
758072,922107
758566,765832
758566,31252
758566,428072
758566,807048
758566,31250
758566,428073
758566,31389
758566,1160681
758566,31261
759794,31115
759794,428702
759794,31094
759794,31533
759794,783030
759794,941391
759794,1803959
759794,2204187
759794,882509
759917,31296
760919,1369785
760919,31212
760919,899822
762596,31239
762596,31207
762596,922107
762596,31470
762596,814794
762596,30974
762596,1629953
762596,31384
762596,31105
762596,30838
762596,1552970
762596,125792
763870,30746
763870,31094
763870,31533
763870,31342
763870,125663
763870,428702
763870,783030
763870,31384
763870,1629953
773063,31105
773063,428702
773063,31245
773063,117920
773063,773036
773063,773037
773063,31342
773063,31384
773063,925980
773063,923725
773063,654368
773063,31248
773063,30904
773063,1782146
773063,2189818
773063,2880426
773828,31296
773828,31414
778548,702557
778548,31384
778548,1629953
779179,653520
779179,31115
779179,1803959
779179,31533
779179,882509
779179,31094
779926,2184541
779926,1595835
783030,31312
783030,783031
783030,31311
783030,31105
783030,1553960
783030,31342
783030,31384
783030,1513375
783030,1629953
783030,2122470
783030,760044
783030,1206649
783030,31382
783030,1722990
783030,30774
783030,941391
783030,31533
783030,820086
783030,1369785
783030,31457
783030,806547
783030,31470
783030,1280557
783031,31140
783031,31342
783031,653520
783031,31115
783031,31012
783031,773828
783031,779179
783031,1629953
783031,922107
783031,1062457
783031,31384
783031,31533
783031,759794
783031,2702932
783031,31311
783526,428073
783526,31021
783526,428072
783526,1160681
783526,31115
786389,31115
786389,786390
786389,972858
786389,972859
786389,30798
786389,31105
786389,653520
786389,3058293
786390,31263
786390,31115
786390,30798
786390,653520
786390,2683825
786477,786389
786477,786390
786477,786447
786477,786474
786477,31001
786477,31115
786477,786473
786477,786478
786477,786480
786477,786479
786477,972859
786477,972858
786477,972857
786477,1263866
786477,1263863
786477,1539007
786477,30798
786477,31105
786477,30827
786477,3165059
786477,3058276
786477,3024068
789332,756492
789332,654289
789689,31342
789689,428781
789689,31384
789689,702557
789689,31296
789689,1369785
793395,31438
793395,31439
793395,701519
793395,783030
793395,1563940
793396,31438
793396,793395
793396,701183
793396,701184
793396,31439
793396,701519
793396,783030
793396,1545690
793396,1561919
793396,1638796
793396,1647361
793396,1748048
793693,795927
793693,812331
793693,994362
793693,31149
793693,1559116
793693,31384
793693,1612844
795254,31202
795254,31115
795254,30798
795927,812331
795927,1643598
805036,702817
805036,31457
805036,31022
805036,702816
805036,31012
805036,31163
805036,31115
805036,30798
805036,31212
805036,1684929
805036,1077966
805036,1369784
805036,31017
805036,428702
805036,30972
805929,31342
805929,31014
805929,31022
805929,1424159
805929,31384
805929,1629953
805929,922107
805929,653520
806547,31296
806547,428702
806547,2676185
812331,812548
812331,31085
812331,822086
812331,31105
812331,2033040
812331,31296
812331,2033072
812331,2449121
812548,432620
812679,428702
812712,812679
812712,428702
814659,31012
814659,30798
814794,731728
814794,783030
814794,31296
818059,30798
818059,428781
818059,428702
819174,30838
819174,428781
819174,31342
819174,31384
819174,31340
819174,2021869
819174,31465
819174,1058368
819174,922107
819174,1629953
819174,31115
819174,731728
819174,428702
819174,843045
819174,2216325
819174,1102131
819174,1200968
819174,31212
819174,1111012
820086,31115
820086,820087
820086,31533
820086,31094
820086,125570
820086,741251
820086,882509
820086,31438
820086,793396
820086,31384
820086,31342
820086,1475901
820086,2013117
820086,1629953
820086,1614723
820086,939345
820086,1539006
820086,1911530
820086,1975705
820086,2863846
821972,31149
821972,31384
821972,1629953
821972,1559116
821972,1044683
821972,1492217
822086,31296
822086,31115
822086,2116269
822086,882509
822233,822086
822233,30894
822233,31296
822233,31342
822233,428702
822233,30920
822233,939345
822233,31384
822233,1629953
829903,31342
829903,829905
829903,773036
829903,657539
829903,31245
829903,117920
829903,773063
829903,31465
829903,31140
829903,829904
829903,654367
829903,1173960
829903,1647361
829903,1638796
829903,923725
829903,1798901
829903,1798902
829903,845551
829903,2166332
829903,908646
829903,925980
829903,756492
829903,2353652
829903,31056
834203,31342
834203,31140
834203,428702
834203,31212
834203,31384
834203,1369785
834203,923725
834203,1559116
834203,702557
834203,925980
834203,2299779
834394,759818
834394,31457
834394,31105
834394,884957
834394,30894
834394,1347398
837049,31115
837049,125910
837049,882509
837049,31533
837049,31094
877968,779179
877968,905987
877968,653520
877968,779926
877968,31022
877968,30920
877968,31448
877968,31311
877968,951650
877968,30897
877968,715337
877968,31505
877968,31014
877968,31094
877968,31117
877968,30746
877968,30972
877968,905948
877968,31342
877968,31470
877968,164383
877968,429293
877968,945617
877968,31533
877968,31465
877968,31115
877968,31382
877968,31140
877968,31457
877968,30896
877968,1614718
877968,1062457
877968,31227
877968,125770
877968,2104650
877968,30838
877968,2149293
877968,922107
877968,1629953
877968,31384
877968,1424159
877968,2302139
877968,1283960
877968,1879966
877968,884957
877968,1058368
877968,434292
877968,2368294
877968,1784058
877968,2110104
877968,1555641
877968,2449131
877968,1266109
877968,686175
877968,759794
877968,31105
877968,1369785
877968,3196958
877968,759818
877968,2413003
877968,2283825
877968,3203829
877968,3193783
877968,2334318
877968,764845
877968,656987
878131,31161
878131,654367
878131,31245
878131,31496
884957,31115
884957,31094
884957,31533
884957,1588371
896873,31115
896873,31105
896873,31533
896873,31094
896873,31202
898119,428781
898119,30778
898119,1612844
898119,31105
898119,31311
898119,396253
898119,978659
898119,1595835
898119,822086
898119,2298999
898119,31296
898119,972978
898119,2184541
898119,812548
898119,2183040
898119,3294027
898524,898542
898524,901013
898524,902982
899822,814659
899822,653520
899822,1424159
899822,31384
899822,1629953
899822,922107
899822,31470
899822,993776
899822,31022
899822,1702535
899822,1582304
899822,2122470
907586,907587
907586,773828
907586,31085
907586,31457
907586,428702
907586,907588
907586,31311
907586,770837
907586,884957
907586,908882
907586,30920
907586,812712
907586,31465
907586,31342
907586,31240
907586,30798
907586,806547
907586,2170916
907586,1760437
907586,773063
907586,31384
907586,1629953
907586,1719146
907586,1441209
907631,2177767
914037,31000
914037,30827
921744,31342
921814,31296
921814,921744
921814,31533
922107,31212
922107,31384
922107,783030
922107,1369785
922107,731728
922107,1553966
922107,1555643
922107,1629953
922107,783031
922107,2216325
922107,2601023
922107,3189878
923725,31115
923725,31311
923725,31094
923725,31533
925980,923725
928962,844378
939345,653520
939345,30798
939345,31094
939345,31115
939345,31533
939345,951650
940077,31105
940077,941391
941391,31382
942060,789689
942060,31384
942060,1629953
942060,428781
942060,2216325
942060,702557
942250,31296
945617,428702
945617,2413003
945617,2544925
945617,2544867
945617,2544851
945617,1475898
945617,715337
945617,31105
945617,882509
951650,653520
951650,31094
951650,31115
951650,31533
967085,31533
967085,796081
967908,653520
967908,31202
967908,759818
967908,31115
967908,783030
967908,1347398
967908,31094
967908,31533
967908,1200968
967908,822086
967908,1098058
967908,31140
967908,1682754
967908,759917
972858,31263
972858,30798
972858,786390
972858,31115
972858,972859
972858,2683825
972858,653520
972859,31263
972859,786390
972859,30798
972859,31115
972859,2683825
972859,653520
973624,30920
973624,31202
973624,428781
973624,31115
973624,30798
973624,899822
978659,31384
984703,31457
984703,31012
984703,31296
993050,783030
993776,31296
993776,31342
993776,30920
993776,428702
993776,31115
993776,31533
993776,31094
993776,2110104
993776,31384
993776,1629953
993776,3227417
994362,993050
994362,31384
994362,922107
994362,30795
994362,795927
1046537,31094
1046537,31533
1046537,31115
1046537,31465
1046537,428702
1046537,1588371
1048283,31296
1062457,428702
1062457,837049
1062457,31115
1062457,31094
1062457,125910
1062457,31533
1062457,2315146
1074600,31533
1074600,31105
1074600,31094
1074600,1564865
1074600,30827
1086251,1369781
1086251,1369785
1098058,31391
1098058,31225
1098058,31533
1098058,986624
1098058,125855
1098058,31115
1098058,2707924
1102131,882509
1106065,30923
1106065,31296
1106065,972866
1106065,31115
1106065,428781
1106065,1106064
1106065,653520
1106065,30838
1106065,922107
1106065,656089
1106065,31513
1106065,31505
1106065,882509
1106065,31465
1106065,783030
1106065,2156884
1106065,769173
1106065,2212883
1106065,1369782
1106065,1369780
1106065,1369785
1106065,30798
1106065,2548109
1106065,31297
1109263,428781
1109263,428702
1109263,1649933
1111012,31012
1111012,31342
1116745,30906
1116745,715337
1116745,428702
1116745,783031
1116745,31212
1116745,31115
1116745,31342
1116745,30920
1116745,1595835
1116745,2180629
1116745,978659
1116745,31384
1116745,1629953
1116745,31105
1116745,2544867
1127328,1717302
1127328,31085
1127328,1300938
1127328,1369781
1127328,1369785
1127328,791087
1127328,31342
1127328,31384
1127328,2033040
1127328,2521449
1127328,2508350
1127328,31296
1127328,941391
1127328,31303
1127328,31212
1127328,753298
1127328,922107
1146959,793910
1146959,922107
1146959,428702
1146959,31105
1146959,31311
1146959,31505
1146959,31056
1146959,1259112
1146959,984703
1146959,652299
1146959,31140
1146959,31342
1146959,31384
1146959,1629953
1146959,30897
1160681,30798
1160681,698357
1160681,31140
1160681,31384
1160681,1629953
1160681,1722989
1160681,30832
1160681,2299779
1164120,31533
1164120,31094
1165302,945617
1165302,1164119
1165302,31085
1165302,428702
1165302,773943
1173957,31140
1173957,31543
1173957,822086
1173957,1570336
1173957,1424159
1173957,2449131
1173957,741991
1173957,1143893
1173960,31457
1173960,31465
1173960,31115
1173960,31342
1173960,31012
1173960,941391
1178700,793693
1178700,1178703
1178700,760044
1178700,31017
1178700,1127328
1178700,731728
1178700,31231
1178700,31063
1178700,752747
1178700,31105
1178700,1086251
1178700,1721012
1178700,2837343
1178700,1178700
1178700,715337
1178700,2413003
1178700,2544867
1180333,31296
1180333,31295
1194063,805036
1194063,993776
1194063,31212
1194063,834203
1194063,428781
1194063,1116745
1194063,30920
1194063,1369783
1206649,31115
1206649,653520
1206649,1574163
1206649,1266109
1206649,2130923
1206649,759794
1206649,945617
1206649,1424159
1207424,428702
1207424,756492
1213723,31296
1213723,1086251
1213723,31085
1213723,31295
1213723,715337
1213723,901778
1213723,1180335
1213723,428702
1213723,1180333
1213723,2552862
1213723,1369785
1213723,1696208
1214528,783030
1214528,702557
1214528,814794
1214528,31384
1214528,731728
1214528,1555643
1214528,1369785
1214528,1582304
1214528,1629953
1214528,2448549
1240652,986624
1240652,31225
1240652,31391
1240652,31533
1259112,30774
1259112,31105
1259112,1587649
1259119,31094
1259119,31115
1259119,1803959
1259119,31533
1266108,1085022
1266108,806478
1274486,428702
1274486,685974
1274486,1266110
1274486,31115
1274486,31140
1274486,763870
1277328,31437
1277328,945617
1294124,31115
1294124,772762
1294124,434326
1294124,434293
1294124,31105
1294124,31220
1294124,1846535
1294124,781811
1294124,788987
1294124,712584
1294124,434292
1294124,2328947
1294124,932745
1294124,31533
1294124,2757005
1294124,1475898
1294124,31063
1294124,31140
1294124,31384
1294124,31002
1294124,31508
1294124,31094
1294124,125604
1294124,31391
1294124,829829
1294124,755439
1294124,771096
1294124,759794
1297361,1173960
1297361,31342
1297361,821972
1297361,31149
1297361,760044
1300938,1612844
1300938,2033040
1300938,31085
1313930,31140
1313930,31457
1313930,31465
1313930,30838
1349946,1259119
1349946,812548
1349946,31105
1353621,31438
1353621,793396
1353621,922107
1353621,684331
1353621,31505
1353621,31161
1353621,31056
1353621,31384
1353621,702557
1353621,1629953
1353621,1722996
1365390,30832
1365390,945617
1365390,1722989
1365390,752747
1365390,2251930
1365390,31171
1365390,428702
1365390,1116745
1365390,922107
1365390,2274275
1365390,2274267
1365390,1347412
1365390,1595835
1365390,2330294
1365390,31384
1365390,31140
1365390,2552862
1365390,2447733
1365390,2372233
1365390,2381031
1365390,3263358
1365390,656987
1365390,765215
1365390,751998
1365390,715337
1365390,2172564
1365390,1629953
1369780,31342
1369780,31384
1369780,1369785
1369780,1369782
1369780,428702
1369780,1559116
1369781,1369785
1369781,31384
1369781,31342
1369781,428702
1369782,1369785
1369783,1369785
1369783,31384
1369783,1369782
1369783,1369780
1369783,31342
1369784,1369785
1369784,1369782
1369785,1369785
1412673,2398140
1412673,2676187
1424159,820086
1432247,428702
1432247,921744
1432247,1428046
1432247,1428044
1432247,1880234
1432247,1638796
1432247,1647361
1441209,31342
1441209,1721022
1441209,1721015
1441209,994362
1441209,1721024
1441209,1719146
1441209,1721028
1441209,2275149
1441209,2325937
1441209,2599915
1441209,2544767
1475898,428702
1475898,31105
1475898,752427
1475898,31115
1475898,31533
1475898,31094
1475898,1627058
1475898,907631
1475898,1259119
1475898,2918941
1494680,684046
1494680,972978
1494680,428702
1494680,31465
1494680,30838
1508272,30920
1508272,164383
1508272,31342
1508272,30838
1508272,1056638
1508272,428781
1508272,778548
1508272,31340
1508272,31311
1508272,428702
1508272,993776
1508272,31140
1513375,760044
1513375,31149
1513375,806547
1513375,31342
1513375,31382
1513375,31470
1513375,1280557
1513375,31105
1513375,31384
1513375,1629953
1513375,31085
1513375,814659
1513375,31505
1513375,2102934
1513375,2122470
1534568,1553966
1534568,1579523
1535831,945617
1535831,1527052
1535831,30774
1535831,922107
1535831,31384
1535831,31342
1535831,30838
1535831,1572048
1535831,1572046
1535831,1583434
1535831,31140
1535831,1583433
1535831,1583432
1535831,1424159
1535831,31202
1535831,31105
1535831,1648981
1535831,1655309
1535831,1655308
1535831,1702547
1535831,1758280
1535831,2159380
1535831,1616959
1559116,31384
1559116,783030
1559116,1629953
1560394,783030
1560394,31115
1560394,31094
1560394,31533
1561919,31439
1561919,783030
1561919,1647361
1561919,1563940
1563316,2184170
1563316,1596966
1563316,922107
1563316,829860
1563316,31115
1563316,396253
1563316,164383
1563316,30972
1563316,1595835
1563316,31055
1563316,652299
1563316,31140
1563316,31164
1563316,715337
1563316,31384
1563316,1629953
1563316,31465
1563316,2184541
1563316,2602512
1563316,2602510
1563316,1649937
1563316,3230194
1563316,2602508
1563316,2607101
1563316,2113683
1563316,2602509
1563316,2183040
1563316,2602513
1563316,2644259
1563316,2701498
1563940,31140
1563940,31115
1563940,1563941
1563940,31342
1563940,31457
1563940,770837
1563940,31384
1563940,1629953
1563941,31342
1563941,31384
1563941,1629953
1570336,1113039
1570336,882509
1570336,31393
1570336,1116745
1570336,30795
1570336,1629953
1570336,922107
1570336,31384
1572048,30774
1572048,1535831
1572048,1527052
1572048,31342
1572048,1655309
1572048,30838
1572048,1349946
1572048,31457
1572048,2159380
1574142,1129523
1574142,31207
1574142,31105
1574142,31311
1587649,760919
1587649,783030
1587649,1259112
1587649,1602814
1587649,1722990
1587649,1116745
1588371,31115
1588371,1803959
1588371,2373312
1595835,31140
1595835,2676094
1595835,2676093
1595835,2676098
1595835,1595838
1595835,2676095
1595835,2682767
1595835,2676096
1595835,2737303
1595835,2737261
1595835,2737302
1595835,3058288
1595835,3058278
1595835,3058276
1595835,3058283
1595835,3058279
1595835,3058327
1595835,3058285
1595835,3058281
1595835,3058289
1595835,3058294
1595838,1595835
1595838,31140
1595838,2184170
1595838,2676093
1596966,945617
1596966,1595835
1596966,715337
1602814,921744
1602814,899822
1602814,1638796
1602814,1647361
1602814,164383
1602814,31140
1602814,2200620
1602814,2201453
1602814,783031
1602814,2353652
1602814,2284269
1610741,31000
1610741,31105
1610741,31115
1610741,1116745
1610741,1527065
1610741,30827
1611841,31342
1627058,31115
1627058,31533
1627058,31094
1627058,428702
1627058,752427
1627058,820086
1627058,31240
1627058,1259119
1627058,941391
1629953,752747
1629953,1559116
1629953,31384
1629953,793396
1629953,783031
1629953,1748048
1629953,1647361
1629953,1561919
1629953,1638796
1629953,783030
1629953,2251865
1629953,2353652
1638796,2353652
1647361,653520
1647361,31439
1647361,31465
1647361,993776
1647361,1563941
1647361,1638796
1647361,770837
1647361,783030
1647361,31311
1647361,2159772
1647361,2353652
1647361,1116745
1647361,31207
1649939,164383
1649939,1283960
1649939,1595835
1649939,31164
1649939,829860
1649939,31140
1649939,396253
1649939,30972
1649939,1596966
1649939,31055
1649939,652299
1649939,2184170
1649939,31115
1649939,715337
1649939,31384
1649939,1629953
1649939,922107
1649939,31465
1649939,2184541
1649939,1563316
1649939,2602510
1649939,2602509
1649939,2113683
1652820,793396
1652820,432486
1652820,31384
1652820,922107
1652820,684292
1652820,734542
1652820,684331
1652820,31056
1652820,686175
1652820,702557
1652820,31161
1652820,1629953
1652820,1722996
1652874,31505
1652874,31384
1652874,1555643
1652874,432620
1652874,1553966
1652874,1629953
1655275,941391
1655275,428702
1655275,923725
1655275,31342
1655275,2081041
1655275,31115
1655275,2400582
1655275,2288946
1680929,428702
1680929,752747
1680929,31296
1680929,31085
1680929,31105
1680929,1559116
1680929,31384
1684928,31384
1684928,922107
1684928,31085
1684928,30920
1684928,31342
1691962,30920
1691962,428781
1691962,31140
1691962,1313930
1691962,31017
1691962,31207
1691962,31212
1691962,753323
1691962,31342
1691962,1424159
1691962,967908
1691962,31063
1691962,31384
1691962,1629953
1691962,922107
1691962,686175
1691962,1259112
1691962,783030
1691962,31465
1702535,31296
1702535,428702
1702535,31393
1702535,1612844
1702535,2552862
1702535,3187174
1704682,1704695
1704682,2121338
1704682,2303822
1704682,2354879
1704682,2448630
1704682,30827
1704695,2176704
1708758,783031
1708758,31212
1708758,1647361
1708758,1638796
1708758,2353652
1708758,1369785
1713448,735028
1713448,31548
1713448,31371
1713448,31373
1713448,31376
1713448,31374
1713448,31342
1713448,428702
1713448,31470
1713448,1178700
1713448,1240652
1713448,428072
1713448,428073
1713448,31063
1713448,1513376
1713448,975157
1713448,1313923
1713448,31384
1713448,1629953
1713448,30832
1713448,2299779
1713448,686175
1713448,834203
1713448,31187
1713448,2401504
1713448,2700167
1713448,30964
1713448,31140
1713448,30838
1713448,2407092
1715402,783030
1719146,994362
1721022,1719146
1721022,994362
1721022,2038065
1721022,1739562
1721043,1721022
1721043,1719146
1721043,994362
1721043,1721015
1721043,1721024
1721043,2325937
1721043,2693734
1721043,2599915
1721043,2544767
1722990,1638796
1722990,1647361
1722990,783031
1722990,2353652
1732310,164383
1732310,715337
1732310,1103308
1732310,31505
1732310,1108156
1732310,31101
1732310,31161
1732310,31496
1732310,31342
1732310,652299
1732310,30871
1732310,31384
1732310,1035285
1732310,31227
1732310,1438796
1732310,31140
1732310,934143
1732310,31465
1732310,744285
1732310,1732309
1732310,31483
1744983,164383
1744983,31140
1744983,31056
1744983,31505
1744983,1835464
1744983,1652874
1744983,922107
1744983,31384
1744983,2110102
1744983,1744980
1744983,1629953
1744983,396253
1744983,1424159
1744983,1595835
1744983,2107470
1744983,1649939
1744983,2184541
1744983,2077176
1744983,878131
1744983,31513
1744983,1570336
1744983,31161
1744983,1563316
1744983,3214928
1744983,1109263
1744983,31055
1766842,31340
1766842,31140
1766842,31382
1766842,31505
1766842,31085
1766842,31470
1766842,1766854
1766842,1766847
1766842,164383
1766842,1766857
1766842,2271076
1766842,1424159
1766842,2285507
1766842,2213658
1766842,1058368
1766842,2519150
1766842,2449131
1766852,1766857
1766852,1766854
1766852,31085
1766852,1766853
1766852,1766847
1766852,31140
1766852,30774
1766852,686175
1766852,31470
1766852,759794
1766852,164383
1766852,804484
1766852,2271076
1766852,1424159
1766852,31036
1766852,2285507
1766852,1766848
1766852,884957
1766852,2519150
1766852,2449131
1784058,653520
1784058,31105
1784058,993776
1784058,31140
1784058,1349946
1784058,31311
1784058,1727973
1784058,822086
1784058,945617
1784058,2110104
1784058,31533
1784058,3227417
1784058,2544925
1784058,759794
1835464,1103309
1835464,653520
1835464,1103308
1835464,31227
1835464,1054359
1835464,31105
1835464,31115
1835464,1058368
1835464,31229
1835464,759794
1835464,1817946
1835464,31140
1879965,31533
1879965,31094
1879965,3227417
1879966,1879965
1971205,652299
1971205,686175
1971205,1946110
1971205,31164
1971205,31105
1971205,1595835
1971205,1607356
1971205,715337
1971205,2017515
1971205,2275379
1975705,939345
1975705,31012
1975705,1539006
1975705,1614723
1975705,1441200
1975705,31022
1975705,31085
1975705,686175
1975705,1475901
1975705,1424159
1975705,907631
1975705,2013117
1975705,1173960
1975705,2488292
1975705,820086
1975705,1911530
1975705,752427
1975705,2124932
1975705,1266109
2013117,1424159
2013117,746188
2013117,1172748
2013117,1172749
2013117,773828
2013117,31022
2013117,686175
2013117,882509
2027558,31105
2027558,31470
2027558,31263
2027558,1424159
2038686,759818
2038686,1560394
2038686,2448549
2038686,428702
2038686,1200969
2038686,2349404
2038686,3286418
2084532,31105
2084532,31056
2084532,31140
2084532,759622
2084532,31470
2084532,31505
2084532,2116269
2084532,31465
2084532,715337
2084532,822086
2084532,2107467
2084532,30774
2084532,30871
2084532,2308925
2084532,1109263
2084532,1527052
2084532,1680929
2084532,2189084
2084532,2189086
2084532,752427
2084532,2360809
2084532,1627061
2084532,3375706
2084532,2084534
2084534,783031
2084534,31140
2084534,2084532
2084534,30774
2084534,2116269
2084534,2308925
2084534,3375706
2084534,1638796
2084534,2601023
2084534,3367798
2095829,31513
2095829,922107
2095829,1441200
2095829,30838
2095829,31245
2095829,1691978
2095829,1193215
2095829,31465
2095829,1058368
2095829,31342
2095829,812679
2095829,31004
2099876,736688
2099876,30798
2099876,1504948
2099876,2597918
2099876,2587964
2099876,2499572
2099876,2185902
2103631,31140
2103631,30774
2103631,164383
2103631,30838
2104648,2104646
2104648,2163259
2104648,2163258
2104648,2353652
2104648,1638796
2104648,1647361
2107470,1595835
2107470,31056
2107470,1835464
2107470,1649939
2107470,2184541
2107470,2139583
2107470,2077176
2107470,1563316
2107470,396253
2110102,1952975
2110102,31227
2110102,1251595
2110102,1835464
2110102,31056
2113683,1595835
2113683,829860
2113683,2602510
2113683,428702
2113683,2413003
2113683,1563316
2113683,3216316
2118724,941391
2118724,1612844
2121338,30827
2121338,1704682
2122470,1629953
2122470,31384
2122470,922107
2122470,31382
2122470,30920
2122470,686175
2122470,1424159
2126794,2545085
2128881,1647361
2128881,1638796
2128881,2353652
2128881,2201924
2128882,686175
2128882,2128881
2139572,164383
2139572,31164
2139572,1266109
2139572,428702
2139572,2139583
2139572,1599226
2139572,1649939
2139572,752427
2139572,829860
2139572,31140
2139572,1595835
2139572,837049
2139572,396253
2139572,2184541
2152499,899822
2152499,164385
2159077,428702
2159077,31384
2159077,1629953
2159077,3262270
2159772,1647361
2159772,770837
2167857,1570336
2167857,1113039
2173568,770837
2181299,1704682
2181299,2176704
2181299,2354879
2181299,2223476
2181387,1629953
2181387,922107
2181387,783030
2181387,31384
2181387,2659428
2181387,2659429
2181387,1595835
2181387,941391
2181387,3058276
2181387,3058281
2181387,3058278
2181387,2661579
2181387,3230162
2181387,3058283
2181387,2676093
2181387,2676096
2181387,2676094
2184170,31115
2184170,31533
2184541,396253
2184541,1595835
2184541,31140
2184541,2644259
2201453,984703
2201453,30774
2201924,759917
2204187,31094
2204187,31533
2213658,1721015
2213658,1719146
2213658,1721028
2213658,994362
2213658,1721024
2213658,1721022
2213658,2275148
2213658,2325937
2213658,2544767
2213658,2599915
2216325,31384
2216325,1629953
2216325,1559116
2216325,30795
2223476,1704682
2223476,2121338
2223476,1715399
2223476,941391
2223476,30838
2223476,2717872
2223476,30827
2223476,2717504
2223476,2223476
2223476,3243427
2223476,783031
2223476,428702
2223476,3206757
2224312,1475898
2224312,31140
2224312,428781
2224312,31465
2251865,2159772
2251865,1647361
2251865,2353652
2262792,921814
2262792,1612844
2262792,31432
2262792,428702
2262792,912745
2262792,31384
2262792,922107
2262792,1561916
2262792,1369782
2262792,2199698
2262792,1369785
2262792,1629953
2277487,428781
2277487,732674
2277487,31115
2277487,30798
2277487,2449131
2289568,164383
2289568,31056
2289568,2110102
2289568,31105
2289568,31140
2289568,428702
2289568,1610741
2289568,1897372
2289568,31342
2289568,941391
2289568,31384
2289568,31465
2289568,31505
2289568,31543
2289568,783030
2289568,1629953
2289568,922107
2289568,1109263
2289568,1058368
2289568,1559116
2289568,1721034
2289568,1595835
2289568,2107470
2289568,1649939
2289568,1441209
2289568,843045
2289568,1563316
2289568,2113683
2289568,1722996
2289664,31056
2289664,31140
2289664,2289568
2289664,2289595
2289664,31384
2289664,1629953
2289664,922107
2289664,1595835
2289664,1649939
2299779,2299779
2325937,1721015
2325937,994362
2325937,942250
2325937,2656231
2325937,428781
2328601,428781
2328601,1111893
2328601,31105
2328601,31342
2328947,31342
2328947,1173960
2334318,812712
2334318,972978
2334318,428702
2334318,31311
2334318,806547
2334318,31105
2334318,30798
2334318,1369785
2334318,2550566
2334318,2672067
2334318,759794
2334318,428781
2337139,31056
2337139,2289568
2337139,2289595
2337139,31384
2337139,1629953
2337139,922107
2337139,1595835
2348690,2348689
2348690,2348691
2348690,428781
2348690,923725
2348690,31115
2348690,428702
2348690,2386319
2353652,783031
2353652,770837
2353652,1638796
2354816,30798
2354817,921814
2354817,2354816
2354879,941391
2358641,31000
2358641,31115
2365443,1638796
2365443,2365441
2365443,1647361
2365443,1629953
2365443,31384
2365443,2353652
2373312,1803959
2388304,2446311
2398050,428781
2398050,686175
2398050,30894
2398050,2398047
2398050,1116745
2398050,31384
2398050,1629953
2398138,1638796
2398138,1412673
2398138,1647361
2398138,2353652
2398138,3278067
2398138,3279804
2398140,1412673
2398140,2398138
2413003,882509
2446312,2446311
2446312,2388304
2448528,2448547
2448528,30798
2448547,30798
2448549,814659
2448549,1468144
2448549,31470
2448549,31439
2448549,821972
2448549,31505
2448549,31085
2448549,1647361
2448549,31311
2448549,31105
2448552,30774
2448552,117883
2448552,164383
2448552,31012
2448552,31022
2448552,31105
2448552,31115
2448552,432857
2448552,31140
2448552,31191
2448552,31213
2448552,715337
2448552,940077
2448552,844322
2448552,1560394
2448552,759818
2448552,31507
2448552,2448529
2448552,31014
2448831,783031
2448831,1595835
2448831,2180629
2448837,31384
2448837,1629953
2448837,2448837
2449131,820086
2449131,2519150
2510048,2510048
2519055,1111893
2519055,1655275
2519055,2578590
2519055,923725
2519150,1638796
2519150,1647361
2519150,1725698
2519150,2449131
2519150,2353652
2520580,2448549
2520581,1369785
2520581,2448549
2520586,2520583
2520586,2520580
2520586,2520581
2520586,2448549
2520586,2520494
2520586,2520534
2520586,3357958
2542432,1109263
2542432,428781
2542432,1719146
2542432,428702
2542432,31387
2542432,1441209
2542432,1999774
2542432,31014
2542432,30798
2542432,993050
2542432,2449131
2544851,793693
2544851,882509
2544851,2413003
2544851,2494656
2544851,428702
2544851,31105
2544851,773943
2544851,795927
2544867,2544851
2544867,428702
2544867,2413003
2544925,1475898
2544925,945617
2544925,428702
2544925,2544851
2544925,2413003
2544925,752427
2544925,31115
2544925,3042206
2552862,1213724
2552862,1213723
2552862,31085
2552862,31140
2552862,31342
2552862,993776
2552862,686175
2552862,2449131
2552862,1527052
2552862,922107
2552862,2519150
2552862,1313930
2552862,31384
2552862,1629953
2552862,31036
2552862,1696208
2552862,884957
2552862,653520
2552862,30894
2558677,1638796
2558677,1647361
2558677,2353652
2586905,30798
2586905,31457
2586905,31140
2586905,759818
2586907,2586912
2586907,2586910
2586907,759818
2586907,31457
2586907,1283960
2586907,2807858
2586907,882509
2586910,752427
2586910,31457
2586911,2586912
2586911,2586917
2586911,31140
2586911,2586910
2586911,2586907
2586911,2586905
2586911,30798
2586911,31457
2586911,1283960
2586911,2759068
2586911,752427
2586912,31140
2586912,2586910
2586912,1627058
2586912,1475898
2586912,882509
2586912,2177767
2586912,31457
2586912,1760437
2586912,2586905
2586912,2801002
2586912,2837343
2586912,2801001
2586912,752427
2586912,3357220
2586917,759818
2586917,2586907
2586917,2586912
2586917,2586910
2586917,31457
2586917,884957
2586917,1879966
2586917,2586905
2586917,31140
2588051,1595835
2588051,2588057
2588051,2181299
2588051,2588051
2588051,432620
2588057,1595835
2588104,2588051
2588104,795254
2588104,714894
2588104,1180333
2588104,973624
2596156,795927
2596156,2177767
2596156,31384
2599915,2104648
2599915,2599916
2601023,31085
2601023,31296
2601023,31105
2601023,752747
2601023,1559116
2601023,428702
2601023,31384
2602508,1595835
2602508,428702
2602508,653520
2602508,2184541
2602508,2607101
2602508,2183040
2602508,1563316
2602508,759794
2602509,1595835
2602509,31140
2602509,31164
2602509,829860
2602509,2602510
2602509,2184541
2602509,2701498
2602509,31105
2602509,1475898
2602509,1563316
2602509,715337
2602509,2413003
2602509,3166743
2607035,1106065
2607035,1647361
2607035,1638796
2607035,2353652
2607101,2544867
2607101,164383
2607101,1595835
2607101,1596966
2607101,2602510
2607101,31140
2607101,715337
2607101,2113683
2607101,428702
2607101,2701498
2607101,656987
2607101,2413003
2659429,1638796
2659429,31384
2659429,1629953
2659429,1647361
2659429,2353652
2676093,978659
2676093,2682762
2676094,2676093
2676095,2676094
2676095,2676093
2676095,978659
2676096,2676095
2676096,2676093
2676096,1595838
2676096,978659
2676096,2676094
2676098,715337
2676098,2676093
2676098,2676094
2676098,31105
2676098,2676096
2676221,2353652
2676221,1638796
2676221,922107
2676221,1647361
2676221,2676220
2676221,2710468
2676221,3211572
2676224,2676221
2676224,922107
2676224,2676222
2676224,31384
2676224,3177812
2676224,1629953
2676224,3187574
2676224,3201883
2676224,3203252
2676224,3177790
2692083,1595835
2692083,31140
2692083,2692082
2692083,2676093
2702899,2700338
2702932,31012
2702932,31115
2702932,941391
2702932,31457
2708097,396253
2708097,922107
2708097,2552862
2708097,31115
2708097,428702
2715794,922107
2715794,31115
2715794,2552862
2715794,396253
2715794,428702
2715794,30894
2715794,1629953
2715794,31384
2715794,31212
2717872,2121338
2717872,1704682
2737261,2353652
2737261,1638796
2737261,1647361
2737303,2682767
2737303,2676093
2759068,31140
2759068,2586910
2759068,2586905
2759068,31457
2759068,30798
2759068,2586912
2801002,1629953
2801002,978659
2801002,783031
2801002,2801001
2801002,31384
2801002,31105
2801002,30920
2801002,428702
2807858,2586912
2835277,164382
2835277,31448
2835277,31012
2835277,30838
2880210,31505
2880210,31055
2880210,31161
2880210,652299
2880210,31496
2880210,715337
2880210,2328947
2880210,396253
2880210,2103631
2880210,1035285
2880210,31465
2880210,1109263
2880210,31140
2880210,31101
2880426,812548
2918941,773943
2918941,907631
3000740,428781
3000740,742119
3000740,1708758
3000740,1369785
3001750,428702
3001750,3001750
3001750,1555641
3001750,428781
3001750,653520
3058276,978659
3058278,3058276
3058278,3058293
3058278,3201758
3058281,978659
3058281,3058278
3058281,3058276
3058281,3058279
3058281,3058327
3058281,3058283
3058281,829860
3058281,3058293
3058281,2184541
3058281,2602510
3058281,428702
3058281,1595835
3058281,3201758
3058281,2607101
3058281,1563316
3058288,3058276
3058288,3058285
3058289,1638796
3058289,1647361
3058289,2353652
3058293,3058289
3058293,3058278
3058293,3058285
3058293,3058279
3058293,3058288
3058293,3058281
3058293,3058294
3058293,3058327
3058293,3058276
3058293,3058283
3058293,3201758
3058293,3238546
3058327,978659
3058327,3058276
3058327,3058278
3153730,2578590
3153730,2400582
3153730,2519055
3153730,1103315
3166931,1595835
3177790,2676224
3177790,3187574
3177790,3177812
3177790,1595835
3177790,3211580
3177791,164383
3177791,1595835
3177791,2449131
3177791,3187183
3177791,3269069
3177791,3177790
3177791,3187574
3177791,2676224
3177791,3211580
3187174,882509
3187174,793693
3187174,734404
3187174,2587326
3187174,3214454
3187174,3187574
3187174,2676224
3187174,3376928
3187571,2353652
3187571,1638796
3187574,2835213
3187574,3187571
3187574,3177790
3187574,2676224
3187574,1595835
3187574,1283960
3187574,3211580
3189878,30827
3189878,715337
3189878,428702
3189878,3198996
3202195,31085
3202195,1638796
3202195,783031
3202195,1647361
3204541,31140
3204541,3204537
3204541,806547
3204541,31311
3204541,1048283
3204541,1349946
3221001,3218774
3221001,3204537
3228746,31457
3228746,1313930
3228746,31470
3228746,2449131
3228746,31115
3228746,1803959
3228746,31533
3228746,1200968
3228746,3228745
3228746,31382
3228746,2717934
3228746,2116010
3228746,31105
3228746,31140
3228746,31384
3228746,1629953
3228746,2519150
3228746,30838
3228746,1527052
3228746,3285049
3230194,3229158
3230194,396253
3230194,1595835
3230194,2184541
3230194,2602509
3230194,1563316
3230194,3058276
3230194,3058281
3230194,2183040
3230194,31056
3234771,1638796
3234771,2353652
3234771,1647361
3234776,30798
3234776,3234771
3234776,31465
3234776,396253
3234776,31161
3234776,1109263
3234776,3234774
3234776,2213658
3234776,31055
3237463,752427
3237476,3237463
3237624,2420203
3237624,3237480
3237624,3237476
3237624,3237473
3237624,3237619
3237624,3237463
3238551,2353652
3238551,31311
3238551,1638796
3238551,1116745
3238551,993776
3238551,770837
3243427,2353652
3243427,1638796
3243427,428702
3243427,1647361
3243427,2223476
3253871,793693
3253871,31115
3253871,30798
3253871,164383
3253871,31140
3253871,837049
3285376,1535831
3285376,2834975
3285376,2644219
3285376,778548
3285376,30838
3285376,2171742
3285376,779926
3285376,752747
3285376,31164
3285376,1629953
3285376,1563316
3285376,3280986
3285376,1595835
3285376,1572048
3285376,31554
3285376,428781
3285376,2449131
3285376,837049
3285376,30795
3285376,2718545
3285376,31384
3285376,922107
3285376,31240
3285376,31056
3313735,31161
3313735,31056
3313735,1722996
3313735,31384
3313735,922107
3313735,1629953
3313735,31505
3313735,684331
3332574,30795
3332574,2448837
3332574,31384
3332574,1629953
3332579,2448837
3334452,2448837
3334452,941391
3334625,820086
3334625,3334629
3357567,3167984
3357567,3167983
3357567,3167987
3357567,3167991
3357567,30920
3357567,1629953
3357567,31115
3357567,31384
3357567,653520
3357567,1424159
3357567,2598333
3357567,939345
3357567,164385
3357567,2840439
3357567,2309577
3357567,31140
3357567,1823749
3357567,2128882
3368493,2224312
3368493,2449131
3370220,2448837
3376928,3376929
3376928,2104648
3378546,2289568
3378546,1595835
3378546,2289595
3378546,1652874
3378546,31543
3408597,1116745
3408597,428702
3408597,31296
3408597,31163
3408597,31129
3408597,882509
3414170,3414109
3414170,30827
3460976,1647361
3460976,752427
3460976,1638796
3460976,2353652
3460976,31105
3460976,3466256
