FROM_ID,TO_ID
30746,31533
30746,796081
30795,31342
30795,428781
30795,702557
30795,31212
30795,31384
30795,1369785
30795,1629953
30795,2216325
30796,780102
30796,31140
30796,31439
30796,31115
30796,1129523
30796,783030
30796,773828
30796,30920
30796,31342
30796,164383
30796,31105
30796,1574142
30796,793395
30796,686175
30796,843991
30796,31311
30796,701183
30796,882509
30796,701519
30796,2285735
30796,1035287
30796,1638796
30796,2353652
30796,30798
30827,1116745
30827,653520
30838,31465
30838,31212
30838,31342
30838,922107
30838,31384
30838,30795
30838,1629953
30838,1369782
30838,1369784
30838,1369785
31000,30746
31000,31533
31000,653520
31000,1116745
31012,31140
31012,759818
31085,31296
31085,31295
31085,846144
31085,978659
31085,428702
31094,31533
31094,796081
31105,164385
31105,783031
31105,2116269
31115,3414109
31140,31311
31140,31115
31140,31140
31140,882509
31140,1559116
31140,31384
31202,31000
31202,653520
31202,432620
31202,31115
31202,759794
31202,30798
31202,396253
31202,882509
31202,31105
31202,428702
31202,2277487
31202,30827
31202,652526
31202,31382
31202,941391
31207,31311
31207,31312
31207,31105
31207,822086
31207,2084668
31212,31342
31212,428702
31212,1369784
31212,1369783
31212,1369780
31212,1369782
31212,1369781
31212,1369785
31263,31105
31296,30848
31296,31140
31296,428702
31296,31212
31296,164383
31296,2448837
31311,31312
31311,428702
31311,806547
31311,822086
31311,822233
31311,31105
31311,1048283
31311,31296
31311,1277328
31311,1349946
31311,31393
31342,428702
31382,805929
31382,653520
31382,31207
31382,1468144
31382,922107
31382,1629953
31382,31384
31384,702557
31384,31342
31384,31212
31384,783030
31384,1629953
31457,31140
31457,31094
31457,31533
31457,428781
31465,31000
31465,31140
31465,31342
31465,31115
31465,30746
31465,31533
31465,31094
31465,1803959
31505,30942
31505,31342
31505,31149
31505,31384
31505,925980
31505,923725
31505,31513
31505,1173960
31505,821972
31505,760044
31505,1297361
31505,922107
31505,2328947
31505,1612844
31533,31115
31533,31508
31533,31534
31533,30746
31533,125855
31533,31002
31533,31094
31533,31225
31533,125756
31533,31391
31533,125565
31533,125604
31533,125691
31533,125663
31533,125770
31533,125570
31533,125554
31533,125890
31533,125805
31533,125854
31533,125864
31533,125924
31533,125597
31533,125894
31533,125910
31533,125642
31533,125561
31533,125748
31533,125605
31533,125546
31533,125811
31533,125603
31533,125529
31533,125547
31533,125553
31533,125725
31533,125893
31533,125564
31533,125878
31533,125606
31533,967085
31533,125639
31533,125566
31533,125814
31533,125791
31533,125743
31533,125853
31533,125764
31533,125898
31533,1911286
31533,1911287
125605,31533
125605,796081
125606,31533
125635,31533
125642,31533
125725,31533
125725,796081
125731,31533
125805,31533
125805,796081
125905,31533
164383,31311
164383,31140
164383,30838
164383,1879966
164383,1494680
164383,884957
428702,31140
428702,31115
428702,428784
428702,30746
428702,31533
428702,2354817
428702,2448528
428702,428702
428702,30795
428702,2181387
428702,1629953
428702,31384
428702,2448837
428702,2576150
428702,2676224
428702,3187174
428702,941391
428702,3286418
428702,3286426
428702,3332574
428702,3370220
428702,3334452
428702,2262792
428702,3332579
428781,31296
428781,428702
428781,657596
428784,428702
434754,741819
434754,31465
434754,993776
434754,769208
434754,1381898
653520,428702
653520,2204187
686175,30774
686175,432486
686175,31115
686175,783030
686175,814794
686175,30798
686175,778548
686175,31311
686175,1560394
686175,759818
686175,759917
686175,31094
686175,31533
686175,31105
686175,884957
686175,2038686
686175,2448549
686175,1454270
701184,697292
701184,701183
701184,701519
701184,793395
701184,783030
701519,783031
701519,31439
701519,783030
702557,701184
702557,701519
702557,701183
702557,31342
702557,31212
702557,31384
702557,793396
702557,922107
702557,783031
702557,783030
702557,752747
702557,1559116
702557,899822
741819,30878
741819,31105
752427,923725
752427,31384
752427,30795
752427,812548
759794,31115
759794,428702
759794,31094
759794,31533
759794,783030
759794,941391
759794,1803959
759794,2204187
759794,882509
779179,653520
779179,31115
779179,1803959
779179,31533
779179,882509
779179,31094
783030,31312
783030,783031
783030,31311
783030,31105
783030,1553960
783030,31342
783030,31384
783030,1513375
783030,1629953
783030,2122470
783030,760044
783030,1206649
783030,31382
783030,1722990
783030,30774
783030,941391
783030,31533
783030,820086
783030,1369785
783030,31457
783030,806547
783030,31470
783030,1280557
783031,31140
783031,31342
783031,653520
783031,31115
783031,31012
783031,773828
783031,779179
783031,1629953
783031,922107
783031,1062457
783031,31384
783031,31533
783031,759794
783031,2702932
783031,31311
793396,31438
793396,793395
793396,701183
793396,701184
793396,31439
793396,701519
793396,783030
793396,1545690
793396,1561919
793396,1638796
793396,1647361
793396,1748048
806547,31296
806547,428702
806547,2676185
820086,31115
820086,820087
820086,31533
820086,31094
820086,125570
820086,741251
820086,882509
820086,31438
820086,793396
820086,31384
820086,31342
820086,1475901
820086,2013117
820086,1629953
820086,1614723
820086,939345
820086,1539006
820086,1911530
820086,1975705
820086,2863846
822086,31296
822086,31115
822086,2116269
822086,882509
922107,31212
922107,31384
922107,783030
922107,1369785
922107,731728
922107,1553966
922107,1555643
922107,1629953
922107,783031
922107,2216325
922107,2601023
922107,3189878
923725,31115
923725,31311
923725,31094
923725,31533
941391,31382
967085,31533
967085,796081
978659,31384
1116745,30906
1116745,715337
1116745,428702
1116745,783031
1116745,31212
1116745,31115
1116745,31342
1116745,30920
1116745,1595835
1116745,2180629
1116745,978659
1116745,31384
1116745,1629953
1116745,31105
1116745,2544867
1259119,31094
1259119,31115
1259119,1803959
1259119,31533
1349946,1259119
1349946,812548
1349946,31105
1369781,1369785
1369781,31384
1369781,31342
1369781,428702
1369782,1369785
1369785,1369785
1424159,820086
1513375,760044
1513375,31149
1513375,806547
1513375,31342
1513375,31382
1513375,31470
1513375,1280557
1513375,31105
1513375,31384
1513375,1629953
1513375,31085
1513375,814659
1513375,31505
1513375,2102934
1513375,2122470
1559116,31384
1559116,783030
1559116,1629953
1561919,31439
1561919,783030
1561919,1647361
1561919,1563940
1595835,31140
1595835,2676094
1595835,2676093
1595835,2676098
1595835,1595838
1595835,2676095
1595835,2682767
1595835,2676096
1595835,2737303
1595835,2737261
1595835,2737302
1595835,3058288
1595835,3058278
1595835,3058276
1595835,3058283
1595835,3058279
1595835,3058327
1595835,3058285
1595835,3058281
1595835,3058289
1595835,3058294
1627058,31115
1627058,31533
1627058,31094
1627058,428702
1627058,752427
1627058,820086
1627058,31240
1627058,1259119
1627058,941391
1629953,752747
1629953,1559116
1629953,31384
1629953,793396
1629953,783031
1629953,1748048
1629953,1647361
1629953,1561919
1629953,1638796
1629953,783030
1629953,2251865
1629953,2353652
1638796,2353652
1647361,653520
1647361,31439
1647361,31465
1647361,993776
1647361,1563941
1647361,1638796
1647361,770837
1647361,783030
1647361,31311
1647361,2159772
1647361,2353652
1647361,1116745
1647361,31207
1784058,653520
1784058,31105
1784058,993776
1784058,31140
1784058,1349946
1784058,31311
1784058,1727973
1784058,822086
1784058,945617
1784058,2110104
1784058,31533
1784058,3227417
1784058,2544925
1784058,759794
1879966,1879965
2173568,770837
2181387,1629953
2181387,922107
2181387,783030
2181387,31384
2181387,2659428
2181387,2659429
2181387,1595835
2181387,941391
2181387,3058276
2181387,3058281
2181387,3058278
2181387,2661579
2181387,3230162
2181387,3058283
2181387,2676093
2181387,2676096
2181387,2676094
2204187,31094
2204187,31533
2251865,2159772
2251865,1647361
2251865,2353652
2353652,783031
2353652,770837
2353652,1638796
2354816,30798
2354817,921814
2354817,2354816
2365443,1638796
2365443,2365441
2365443,1647361
2365443,1629953
2365443,31384
2365443,2353652
2448549,814659
2448549,1468144
2448549,31470
2448549,31439
2448549,821972
2448549,31505
2448549,31085
2448549,1647361
2448549,31311
2448549,31105
2448837,31384
2448837,1629953
2448837,2448837
2449131,820086
2449131,2519150
2558677,1638796
2558677,1647361
2558677,2353652
2586905,30798
2586905,31457
2586905,31140
2586905,759818
2586910,752427
2586910,31457
2586911,2586912
2586911,2586917
2586911,31140
2586911,2586910
2586911,2586907
2586911,2586905
2586911,30798
2586911,31457
2586911,1283960
2586911,2759068
2586911,752427
2586912,31140
2586912,2586910
2586912,1627058
2586912,1475898
2586912,882509
2586912,2177767
2586912,31457
2586912,1760437
2586912,2586905
2586912,2801002
2586912,2837343
2586912,2801001
2586912,752427
2586912,3357220
2586917,759818
2586917,2586907
2586917,2586912
2586917,2586910
2586917,31457
2586917,884957
2586917,1879966
2586917,2586905
2586917,31140
2759068,31140
2759068,2586910
2759068,2586905
2759068,31457
2759068,30798
2759068,2586912
3058278,3058276
3058278,3058293
3058278,3201758
3187174,882509
3187174,793693
3187174,734404
3187174,2587326
3187174,3214454
3187174,3187574
3187174,2676224
3187174,3376928
3230194,3229158
3230194,396253
3230194,1595835
3230194,2184541
3230194,2602509
3230194,1563316
3230194,3058276
3230194,3058281
3230194,2183040
3230194,31056
3238551,2353652
3238551,31311
3238551,1638796
3238551,1116745
3238551,993776
3238551,770837
3332574,30795
3332574,2448837
3332574,31384
3332574,1629953
3332579,2448837
3370220,2448837
